gain_db=59.470880
gbw_hz=60127533.630529
pm_deg=84.250209
power_w=0.000177425
