gain_db=51.792235
gbw_hz=30572675.646685
pm_deg=85.712938
power_w=0.000081742
