gain_db=54.166143
gbw_hz=226421226.732874
pm_deg=70.579821
power_w=0.000092247
