gain_db=67.508971
gbw_hz=13373766.782670
pm_deg=90.847859
power_w=0.000060536
