gain_db=46.210055
gbw_hz=37907799.061591
pm_deg=74.791039
power_w=0.000042748
