gain_db=50.273818
gbw_hz=18930376.656206
pm_deg=84.270525
power_w=0.000059692
