gain_db=58.252647
gbw_hz=274002749.488258
pm_deg=65.616725
power_w=0.000050395
