gain_db=55.903380
gbw_hz=779055629.480889
pm_deg=71.630898
power_w=0.000238556
