gain_db=53.903677
gbw_hz=10245070626.738914
pm_deg=57.373902
power_w=0.000230030
