gain_db=65.070671
gbw_hz=8812063.548808
pm_deg=82.594036
power_w=0.000056656
