gain_db=55.481023
gbw_hz=140299995.337102
pm_deg=83.665303
power_w=0.000204057
