gain_db=62.478190
gbw_hz=97814533.973630
pm_deg=66.078518
power_w=0.000047160
