gain_db=57.957917
gbw_hz=9365880928.215624
pm_deg=60.621177
power_w=0.000417176
