gain_db=54.908045
gbw_hz=5306363.536966
pm_deg=84.793418
power_w=0.000047990
