gain_db=55.169089
gbw_hz=1872559134.484850
pm_deg=74.639415
power_w=0.000679106
