gain_db=59.933818
gbw_hz=127685683.488924
pm_deg=79.950350
power_w=0.000190219
