gain_db=63.563186
gbw_hz=164835286.431507
pm_deg=72.557887
power_w=0.000058055
