gain_db=60.019725
gbw_hz=99339107.576224
pm_deg=85.752833
power_w=0.000224818
