gain_db=63.037064
gbw_hz=222947996.708951
pm_deg=76.422155
power_w=0.000069585
