gain_db=50.369918
gbw_hz=80564862.471183
pm_deg=73.804199
power_w=0.000038854
