gain_db=60.120193
gbw_hz=9705256.352814
pm_deg=85.082476
power_w=0.000053135
