gain_db=59.264089
gbw_hz=1041720870.444148
pm_deg=66.992473
power_w=0.000145499
