gain_db=61.222520
gbw_hz=62949100.883614
pm_deg=79.360629
power_w=0.000084110
