gain_db=62.643885
gbw_hz=2978586.275638
pm_deg=87.416270
power_w=0.000036497
