gain_db=62.979818
gbw_hz=3417081996.149254
pm_deg=57.929081
power_w=0.000091954
