gain_db=64.528636
gbw_hz=10795475.737365
pm_deg=84.119246
power_w=0.000029931
