gain_db=54.538503
gbw_hz=8753334.375456
pm_deg=87.603241
power_w=0.000049698
