gain_db=58.892256
gbw_hz=9611593.300248
pm_deg=87.683796
power_w=0.000057331
