gain_db=48.977187
gbw_hz=329040832.933687
pm_deg=70.773122
power_w=0.000167719
