gain_db=53.525375
gbw_hz=44688979.745020
pm_deg=73.157158
power_w=0.000057025
