gain_db=58.019575
gbw_hz=95171334.852239
pm_deg=70.897110
power_w=0.000043550
