gain_db=51.061563
gbw_hz=2038821579.701132
pm_deg=73.688364
power_w=0.000209260
