gain_db=63.273720
gbw_hz=59990312.222579
pm_deg=88.371860
power_w=0.000369348
