gain_db=51.254513
gbw_hz=121482151.172901
pm_deg=78.043919
power_w=0.000085645
