gain_db=57.187939
gbw_hz=11578779463.355492
pm_deg=55.597907
power_w=0.000343004
