gain_db=58.812773
gbw_hz=176205312.599101
pm_deg=82.693677
power_w=0.000129314
