gain_db=57.698286
gbw_hz=116043722.355114
pm_deg=75.649725
power_w=0.000067713
