gain_db=54.462409
gbw_hz=69625535.654988
pm_deg=73.864555
power_w=0.000033638
