gain_db=63.792828
gbw_hz=1779340877.942804
pm_deg=74.330488
power_w=0.000284176
