gain_db=57.099029
gbw_hz=152178760.459209
pm_deg=78.510053
power_w=0.000082573
