gain_db=50.697654
gbw_hz=21845008.634553
pm_deg=75.485585
power_w=0.000022495
