gain_db=61.222817
gbw_hz=14045176609.489922
pm_deg=59.997752
power_w=0.000598711
