gain_db=61.107215
gbw_hz=81036621.423451
pm_deg=80.272107
power_w=0.000095047
