gain_db=60.156982
gbw_hz=109660679.107350
pm_deg=83.058125
power_w=0.000259262
