gain_db=62.881211
gbw_hz=401388880.134146
pm_deg=70.980392
power_w=0.000050516
