gain_db=53.398374
gbw_hz=5259246238.816271
pm_deg=65.806312
power_w=0.000695259
