gain_db=55.705385
gbw_hz=785369618.805608
pm_deg=65.325356
power_w=0.000100168
