gain_db=63.826426
gbw_hz=42903262.329016
pm_deg=86.277563
power_w=0.000126317
