gain_db=59.828414
gbw_hz=35352483.545746
pm_deg=82.505230
power_w=0.000063428
