gain_db=60.872059
gbw_hz=374193769.068171
pm_deg=78.873428
power_w=0.000292408
