gain_db=61.392887
gbw_hz=28675123.931824
pm_deg=78.786467
power_w=0.000057461
