gain_db=49.014885
gbw_hz=198930562.554386
pm_deg=73.190613
power_w=0.000078374
